85 21
1921.0 7.31 0.46 0.29 0.5965346534653466 0.039 0.055 0.0761 0.0447 1e+50 1e+50 0.04818526613429053 -0.10786995489929985 1e+50 1e+50 1e+50 0.019019120355379983 1e+50 1e+50 1e+50 1e+50 
1922.0 8.78 0.51 0.69 0.47264948558622794 0.0365 0.0508 0.0702 0.0432 1e+50 1e+50 0.034666267566542425 -0.02548390217532115 1e+50 1e+50 1e+50 0.01471310118995 1e+50 1e+50 1e+50 1e+50 
1923.0 8.55 0.53 0.98 0.5402010050251257 0.0388 0.0509 0.0738 0.0435 1e+50 1e+50 0.039243977221830754 0.02561885428580335 1e+50 1e+50 1e+50 0.015696906512700004 1e+50 1e+50 1e+50 1e+50 
1924.0 10.16 0.55 0.93 0.4588830802423035 0.025699999999999997 0.0495 0.0646 0.039599999999999996 1e+50 1e+50 0.02705110197174807 -0.0019931736520818477 1e+50 1e+50 1e+50 0.010721561651260002 1e+50 1e+50 1e+50 1e+50 
1925.0 12.46 0.6 1.25 0.38937827141580494 0.0351 0.048499999999999995 0.061500000000000006 0.038 1e+50 1e+50 0.03021973958530426 0.03832832573619949 1e+50 1e+50 1e+50 0.013528505553159995 1e+50 1e+50 1e+50 1e+50 
1926.0 13.49 0.69 1.24 0.44147582697201027 0.030699999999999998 0.046799999999999994 0.056799999999999996 0.0354 1e+50 0.07565851858591864 0.03228139910858774 -0.015097383694568811 1e+50 0.0776952394616015 0.07374440514907787 0.01848586987546999 1e+50 1e+50 0.12193941329710256 0.06564071765341661 
1927.0 17.66 0.77 1.11 0.37468858993522675 0.0317 0.0446 0.053200000000000004 0.0316 1e+50 0.06910726428378036 0.03090996052924772 -0.021175602340270827 0.2655123544272598 0.08944862762249683 0.07443636939339981 0.011273363970789999 1e+50 1e+50 0.35796543080360954 0.29371873444988394 
1928.0 24.35 0.85 1.38 0.2596666666666667 0.0426 0.0461 0.055999999999999994 0.034 1e+50 0.026078525971969427 0.03961693070953517 -0.009793164256813203 0.49742928708491413 0.0008272461424365662 0.028411562078681785 0.02195100289599 1e+50 1e+50 0.38966557510519495 0.33441986234693655 
1929.0 21.45 0.97 1.61 0.3384578235672891 0.030299999999999997 0.0467 0.059500000000000004 0.034 1e+50 0.16581210555049614 0.04411749192070453 0.0018297138210261465 0.7205929401727631 0.03409946738984693 0.03273004065310148 0.13337838833823007 1e+50 1e+50 -0.0760399439139976 -0.10936142182042441 
1930.0 15.34 0.98 0.97 0.5547454125653177 0.0148 0.0452 0.06709999999999999 0.033 1e+50 0.1198418562795723 0.022268830888362068 -0.060665090951681044 0.30784748840024206 0.04642919510699706 0.07975052458599596 0.07180410910911007 1e+50 1e+50 -0.2633095088011975 -0.2962308835318438 
1931.0 8.12 0.82 0.61 1.170731707317073 0.0241 0.053200000000000004 0.1042 0.0407 1e+50 0.004419536531019179 0.011459645341609268 -0.09571149408817059 0.14466469843947702 -0.05315734925677629 -0.018509819851525666 0.15238159084159006 1e+50 1e+50 -0.45648794086441713 -0.49047389356160787 
1932.0 6.89 0.5 0.41 1.44208430136077 0.0004 0.045899999999999996 0.0842 0.0315 1e+50 0.008924152114110967 0.007793555432938817 -0.10357770480583617 0.037267080745341616 0.16845211306616048 0.10820224078889851 0.2863885458831302 1e+50 1e+50 -0.09142435062494425 -0.15040081209371248 
1933.0 10.1 0.44 0.44 0.8290260464173507 0.0029 0.045 0.0775 0.0336 1e+50 0.010057006008247892 0.0025575454596731147 0.004298584708440245 0.40105540897097625 -0.0006930264603636216 0.10376056266745182 0.21745570938501013 1e+50 1e+50 0.5464967434670207 0.4865098768416882 
1934.0 9.5 0.45 0.49 0.7737408688965782 0.0023 0.0381 0.0623 0.0293 1e+50 0.018970449578844025 0.002782874441153678 0.020104090421429577 0.07128309572301425 0.10014997865529929 0.13843446067757115 0.06415358264628998 1e+50 1e+50 -0.02488973921791182 -0.06118261308793538 
1935.0 13.43 0.47 0.76 0.5599111912856449 0.0015 0.0344 0.053 0.0276 1e+50 0.012029227059664539 0.0016748811572707368 0.02960531832431723 0.06619593998234775 0.04996087564472318 0.09614856066036981 0.03448389777019999 1e+50 1e+50 0.45668190427352795 0.400595142118672 
1936.0 17.18 0.72 1.02 0.45858810450250137 0.0012 0.031 0.0453 0.0255 1e+50 0.018230985504296342 0.001724871020200155 0.011962564186733582 0.12057667103538663 0.07495806251817161 0.06744283683190888 0.030552369691319983 1e+50 1e+50 0.3363772515782104 0.28143974594321985 
1937.0 10.55 0.8 1.13 0.7074886222589988 0.0011 0.0321 0.057300000000000004 0.0273 1e+50 0.023745904021512526 0.002757942480791988 0.03085129229422101 0.31237155774763664 0.00232647386797713 0.027467314775122986 0.09827640244424002 0.0028331217 1e+50 -0.360487707011129 -0.3947108644579872 
1938.0 13.21 0.51 0.64 0.5720393884426016 0.0003 0.0308 0.0527 0.0252 1e+50 0.009046499996529529 0.0006499806258277658 -0.027960920884825935 0.044922788956481045 0.055118172878977356 0.06132655356556582 0.10812452811005001 0.0041669638 1e+50 0.2939588247069813 0.24377573388960072 
1939.0 12.49 0.62 0.9 0.5807053803586905 0.0004 0.0294 0.0492 0.0226 1e+50 0.005796031073283029 0.00045832093815744454 -0.004993176220510431 0.0854898336414048 0.059497143408056674 0.03966276007313296 0.06367630396241003 0.0060740339 1e+50 -0.01090790266492958 -0.05648504259732223 
1940.0 10.58 0.67 1.05 0.7290475101044764 0.0002 0.0271 0.044500000000000005 0.0194 1e+50 0.010683292201724565 0.00035832545169447967 0.009512142020437597 0.11871154542164314 0.06092243108499096 0.0339408515603159 0.04715126218787998 0.0042619728 1e+50 -0.09713750942019117 -0.15094912746216815 
1941.0 8.69 0.71 1.16 0.8895097332372027 0.0033 0.027999999999999997 0.0438 0.0204 1e+50 0.012409961022316502 0.0012915669230312956 0.09654898318404803 0.11420932009167303 0.009318208048833432 0.027314183733037067 0.022235698152109993 0.0034469828 1e+50 -0.1116621343298152 -0.1747513443625891 
1942.0 9.77 0.59 1.03 0.862646566164154 0.0038 0.0281 0.042800000000000005 0.0246 1e+50 0.0018000118213264088 0.0034244999255642382 0.09243563963574353 0.1238003838771593 0.032178428966698425 0.02598113789055123 0.017897857027649997 0.0051009425 1e+50 0.2083276380693999 0.12850428497057398 
1943.0 11.67 0.61 0.94 0.7874015748031497 0.0038 0.0274 0.0382 0.0248 1e+50 0.019532401234471426 0.003799398460322606 0.031335626817442064 0.1643059490084986 0.020878899899651193 0.028325934531739705 0.01618015790235999 0.0019623979 1e+50 0.2654102204302373 0.20203112289189362 
1944.0 13.28 0.64 0.93 0.7437635753307444 0.0038 0.027000000000000003 0.0349 0.0246 1e+50 0.007931102315019452 0.003799398460322606 0.021012203647098993 0.16452442159383032 0.02815089165818785 0.0473218912541693 0.008032709293630001 0.0035223172 1e+50 0.2102631500467962 0.1499929175957917 
1945.0 17.36 0.66 0.96 0.6132393344046446 0.0038 0.026099999999999998 0.031 0.0199 0.16896437916101 0.021372691012683628 0.003799398460322606 0.02241586634841264 0.21174004192872117 0.10730903891586752 0.040756742844816785 0.015519726039570013 0.0043280057 1e+50 0.36236244263070194 0.3053672975531947 
1946.0 15.3 0.71 1.06 0.6924379232505644 0.0038 0.026099999999999998 0.0317 0.0212 0.268249780772952 0.05120722958401443 0.003799398460322606 0.1787034298108432 0.3184821017053311 -0.0008419237497646614 0.01722955640900059 0.044532285668049974 0.0017810408 1e+50 -0.08794202744305568 -0.12412660160271449 
1947.0 15.3 0.84 1.61 0.7253256789578274 0.0095 0.0286 0.0352 0.0243 0.289120038555925 0.03024408006473349 0.006006606323082773 0.08926730837483876 0.23962986598596042 -0.02627466147588864 -0.02336383471423409 0.018822857841120016 0.0047609245 0.0348254595 0.049048013182784844 -0.006530220846806989 
1948.0 15.2 0.93 2.29 0.8409475465313028 0.0116 0.0279 0.0353 0.0237 0.280966997342199 0.015153631201356817 0.010445435933052265 0.02666292836624895 0.1571404484909796 0.03385014785511786 0.04135878707728469 0.02134572026189001 0.0016330103 0.0352387868 0.052755750635411935 -0.008488232670678775 
1949.0 16.76 1.14 2.32 0.7964292838619588 0.011000000000000001 0.0258 0.0331 0.0209 0.272011834634406 0.02684734209820536 0.011144809065848273 -0.018168852934497548 0.19186911254338126 0.06439052969819747 0.03308762431464207 0.011828470562230005 0.004252018 0.0292330227 0.17851789081911296 0.09565345127926594 
1950.0 20.41 1.47 2.84 0.7225384419335655 0.0134 0.026699999999999998 0.032 0.0224 0.233564438950139 0.03148364931164927 0.012027267576541982 0.05762900873129251 0.2270227808326787 0.0005048300127130645 0.02115181205562311 0.021120840237529998 0.0056625153 0.0347022515 0.3295829898311411 0.23007142448031703 
1951.0 23.77 1.41 2.44 0.7213163466181332 0.0173 0.0301 0.0361 0.0269 0.240424674542989 0.035924479825547466 0.01516536095652737 0.05846513035886125 0.2648236661929983 -0.039421605282187966 -0.026903090444829525 0.011688194982660003 0.0041468933 0.032760046 0.2341920257362493 0.1602002638802118 
1952.0 26.57 1.41 2.4 0.6940733127783488 0.0209 0.0297 0.0351 0.0279 0.243508151539696 0.02650952791713677 0.01721255525471986 0.008764203314661545 0.2024971146784178 0.011693102066427041 0.0352092236086079 0.006382992633729996 0.0034459187 0.0320722164 0.18939485639004694 0.12288333952594543 
1953.0 24.81 1.45 2.51 0.7597009611961553 0.016 0.0313 0.0374 0.0274 0.23771021624404 0.02466319729680002 0.018893161753306274 0.006202166774214701 0.20397842211732975 0.03625819357151294 0.034114424685752986 0.008139077809379997 0.0027933096 0.0332964322 -0.017075068781289282 -0.07301009822981286 
1954.0 35.98 1.54 2.77 0.604119785355721 0.0115 0.028999999999999998 0.0345 0.0272 0.245370879109401 0.02600059893867038 0.00937956630095503 -0.0049952571366064236 0.2131974361668593 0.07177646776280633 0.05385848529143589 0.00839198597274 0.0028454745 0.031809162 0.5261297584466544 0.44942639501310366 
1955.0 45.48 1.64 3.62 0.5098280098280098 0.0254 0.0315 0.0362 0.0295 0.225921961259237 0.02580717459408385 0.01723681583963855 0.0037243266295121646 0.275390625 -0.01283448886223737 0.004797369766985193 0.02194690628593002 0.00024379918 0.0359555812 0.3132811376153346 0.25799202348127315 
1956.0 46.67 1.74 3.41 0.5441768274370833 0.0321 0.0375 0.0437 0.0345 0.220458441656446 0.025433013275353113 0.026245931965716285 0.028521338986234213 0.26848889295182377 -0.0559421648828613 -0.06814626776734589 0.013966649019080004 0.00096984129 0.0346058908 0.06456529374091557 0.021946741213576093 
1957.0 39.99 1.79 3.37 0.6536757786499575 0.0304 0.0381 0.050300000000000004 0.0323 0.234670705737031 0.03488739754246095 0.03220660648892049 0.030172202698801387 0.22700100923841315 0.07466466909661773 0.08713545755905261 0.017102932299519997 0.0006679271 0.0332939654 -0.10835754422332855 -0.14741939502286305 
1958.0 55.21 1.75 2.89 0.511779319797824 0.0277 0.0408 0.048499999999999995 0.0382 0.238735326568205 0.0236855322701751 0.017693028295782027 0.01755694941390762 0.16483516483516483 -0.0610620353910043 -0.022169911615970816 0.00859318951523 0.0015858124 0.029550815 0.43787150600684277 0.38322105651878813 
1959.0 59.89 1.83 3.39 0.45778379651436646 0.0449 0.0458 0.0528 0.0447 0.240262788780594 0.022998987746719834 0.03380915200926597 0.014965568006592322 0.26243972504360313 -0.022663557006600943 -0.009667895831327877 0.008468014082019996 0.0009753718 0.0315456512 0.123364443081458 0.08754696550746432 
1960.0 58.11 1.95 3.27 0.5504229651398789 0.0225 0.0435 0.051 0.038 0.247615492646541 0.02314900117923004 0.028796743272203367 0.014741035443663675 0.20415599763639944 0.1379339434304887 0.09066491547074462 0.009996930061370004 -0.0013625136 0.0313569811 0.005335583484589179 -0.028978559199804632 
1961.0 71.55 2.02 3.19 0.5059222583910058 0.026000000000000002 0.044199999999999996 0.051 0.0415 0.238937724983006 0.020645382861830496 0.02351856099115164 0.006705221026750641 0.284412032816773 0.009678426725107325 0.04818318880106909 0.006435707927159998 -0.0022107435 0.031874943 0.27086883568520204 0.23266526541085053 
1962.0 63.1 2.13 3.67 0.5916270510657875 0.0287 0.0424 0.0492 0.0395 0.242653351747288 0.02082227780633936 0.02770131597818178 0.01220937459263971 0.16216721158337224 0.06882948926866561 0.07945036334464883 0.027278758437316083 -0.0027965748 0.0327760006 -0.08750631336252823 -0.11861576914949301 
1963.0 75.02 2.28 4.02 0.5255914542237368 0.0352 0.0435 0.048499999999999995 0.0417 0.24195944096583 0.008938386990448308 0.03154989225588863 0.016458887751250373 0.11147433801896045 0.012143644790879149 0.02194874756613885 0.007412633143711855 -0.0014968686 0.034785458 0.22704716239033984 0.18787015149515662 
1964.0 84.75 2.5 4.55 0.4872273002871426 0.0384 0.0444 0.0481 0.0423 0.231860692403751 0.02305375692524803 0.03541431607218299 0.011878315735204259 0.22146593107401305 0.03511702896745028 0.04772313179425969 0.0027945884594826735 -0.0023805734 0.036988781 0.16669172994966486 0.1320017618046312 
1965.0 92.43 2.72 5.19 0.43063780616140146 0.0438 0.046799999999999994 0.050199999999999995 0.045 0.227409623763936 0.020768512543726952 0.039426728329441406 0.01919548815437122 0.14207103551775888 0.00701936978601525 -0.004567938967481311 0.004589192605712691 -0.00081288747 0.0418833124 0.1261180599647771 0.09209013696875012 
1966.0 80.33 2.87 5.55 0.5769451055759905 0.0496 0.053899999999999997 0.061799999999999994 0.0455 0.238242637197745 0.017185979638417673 0.04852634927315776 0.03347367518106381 0.13904719747689925 0.03645008283264395 0.0019529199367378514 0.013935289709799768 -4.9878855e-05 0.0417958033 -0.10196590977844044 -0.1320676375980604 
1967.0 96.47 2.92 5.33 0.525792445117168 0.049699999999999994 0.061900000000000004 0.0693 0.0556 0.217232435848232 0.014249026928517497 0.0429887948974322 0.03037883794904883 0.11468666827969998 -0.0917652651649794 -0.049505868178804424 0.006989390517954181 0.0029522247 0.0389886942 0.23967094413333645 0.20088213873878202 
1968.0 103.86 3.07 5.76 0.5049006622516556 0.0596 0.0645 0.0723 0.0598 0.20732823716227 0.031947724530355645 0.05326463618757393 0.04714377559091876 0.20864062642265319 -0.002573777475901151 0.025739132146892496 0.007399453759526613 0.0023475611 0.0390149605 0.10841161098129648 0.07443693239563909 
1969.0 92.06 3.16 5.78 0.6510820130941076 0.0782 0.07719999999999999 0.08650000000000001 0.0687 0.23180141240777 0.03426059718260288 0.06648082307372123 0.06091888262468492 0.31395131436263696 -0.05073601487537893 -0.08090431389613162 0.01001543068410112 0.00082225183 0.0391496839 -0.08311822906444144 -0.11309488234084963 
1970.0 92.15 3.12 5.13 0.6464263576979926 0.0487 0.0764 0.09119999999999999 0.0648 0.234870996416634 0.03153647360130693 0.0637446595135006 0.05478207213342601 0.22288414133114215 0.12102180697093168 0.18371379022741885 0.023043385595984966 0.0015125012 0.0355365775 0.03995957627875457 0.0016779252563066116 
1971.0 102.09 3.07 5.7 0.6439002471354752 0.0401 0.0725 0.08380000000000001 0.0597 0.218202423620122 0.033892573326905526 0.04324576272769575 0.03352409907958753 0.2874473275670881 0.13236721626818526 0.11012585989684776 0.010461670826777585 0.0022538795 0.0358054485 0.14464279937115854 0.10924372918790515 
1972.0 118.05 3.16 6.42 0.5956745946157919 0.0507 0.0708 0.0793 0.0599 0.209078994761622 0.0342805004703352 0.04065468519887918 0.03406263595863357 0.31129489715661274 0.05682442119015163 0.07259751748373477 0.00636160188713697 0.00031144652 0.038381203 0.19105903997680174 0.15755732580842174 
1973.0 97.55 3.4 8.16 0.7555884634369932 0.0745 0.0768 0.0848 0.0726 0.214548559658605 0.012841074409624344 0.07010708766455878 0.08756385950865542 0.33308376508640053 -0.011103879216425305 0.011394964719774858 0.025068711428301634 -0.0006401994 0.04040391 -0.147971915211204 -0.17480226411552802 
1974.0 68.56 3.62 8.89 1.1200181747371154 0.07150000000000001 0.0889 0.1063 0.076 0.246606704029644 0.008895364944122078 0.07804459776712133 0.12137254656754859 0.16306447402766902 0.04342649301909307 -0.030617512511581957 0.048042834637611435 -0.00083048791 0.0365592112 -0.26419363151052333 -0.2966255465846266 
1975.0 90.19 3.69 7.96 0.8763388510223954 0.054400000000000004 0.08789999999999999 0.1056 0.0805 0.242388575141557 0.023593560572317783 0.05761075315135526 0.06991221975431539 0.2025998731769182 0.09186887717259862 0.14644256327733984 0.02426339062002421 -0.00046511563 0.0328406161 0.36953218597886894 0.3135679799257516 
1976.0 107.46 4.09 9.91 0.7799731249688947 0.0435 0.07980000000000001 0.09119999999999999 0.0721 0.238321130029223 0.028690981684075488 0.049638574767370484 0.047999470196867344 0.207928029238122 0.1676451102143508 0.18646869379351605 0.012467130528792556 -0.0011227041 0.0341219851 0.23916309039814787 0.19126550288032473 
1977.0 95.1 4.71 10.89 0.9603330245316843 0.060700000000000004 0.0819 0.08990000000000001 0.0803 0.243907166575433 0.03050137306488183 0.05257480940962143 0.06748413864874814 0.21893590124925638 -0.006988547503462672 0.017097783189292892 0.008259753345724844 -0.0018338899 0.0369638618 -0.07428046059381765 -0.11690322016508825 
1978.0 96.11 5.12 12.33 1.045701295636079 0.0908 0.0916 0.09939999999999999 0.0898 0.24148154607483 0.01473480538760546 0.0716653409185062 0.08991824680786364 0.21944915254237288 -0.011658690259455429 -0.0007035631045243518 0.015801138739596907 -0.0015481539 0.0410214207 0.06399696773156527 0.009464918349241458 
1979.0 107.94 5.7 14.86 1.0619500679590814 0.1204 0.1074 0.1206 0.1012 0.237601594920558 0.010382317139676122 0.10026693811324114 0.13233099470119147 0.22005673869112388 -0.012503115943428234 -0.04200410548470224 0.011823023808776952 -0.00037113093 0.0405598303 0.18600507300698665 0.12275900792895911 
1980.0 135.76 6.24 14.82 0.8915030238902892 0.1549 0.1321 0.1514 0.1199 0.231267030516991 0.026943667687391423 0.11377082696330414 0.12324694037233752 0.2780242893004953 -0.03952986396365832 -0.02756526005516824 0.027341905974811787 0.0010201575 0.0378569437 0.32597115967832657 0.25977419746936325 
1981.0 122.55 6.65 15.36 1.0611428571428572 0.1085 0.1423 0.1655 0.1334 0.241198210509049 0.01200690482481133 0.13942599812524176 0.08900981245551742 0.36217513680330327 0.018569705569506212 -0.01236193236318961 0.01813067426025459 -0.0012794664 0.0390614715 -0.04877898230825373 -0.0965079321982486 
1982.0 140.64 6.89 12.64 0.9322147266229671 0.0794 0.1183 0.1414 0.1095 0.243721110602485 0.003010051701193097 0.10565492208527262 0.03854108103903631 0.3647539027068315 0.4035036914126131 0.4256189929775782 0.0334409250389763 -0.0013463488 0.0332308478 0.2215163442967234 0.1538766186582714 
1983.0 164.93 7.12 14.03 0.7003591177779189 0.09 0.1257 0.1375 0.1197 0.261151311449122 0.026986610773141555 0.08580006214592989 0.03787835235643189 0.43000775329515045 0.006519063129268199 0.06258576382044256 0.01787076927463618 -0.0016937271 0.0355815837 0.22303376623481808 0.17028828274103325 
1984.0 167.24 7.57 16.64 0.7330983764867074 0.0806 0.1213 0.134 0.117 0.252406503938087 -0.02715303970765934 0.09484717582852693 0.03945723542342705 0.17073741237899057 0.15492497979200315 0.16860157699145528 0.01625097158521718 -0.0011276635 0.0389127283 0.06690046947123518 0.018421496288291594 
1985.0 211.28 7.94 14.61 0.59269268816231 0.071 0.1016 0.1158 0.0956 0.254687006280146 -0.019597815277812587 0.0745585238063385 0.037653792816947584 0.17645539054697942 0.3097114500525422 0.30090889786974073 0.010517739825645007 -0.001721356 0.03788436 0.32008177733011767 0.2661538846441873 
1986.0 242.17 8.3 14.48 0.49843086579287427 0.0553 0.0849 0.09970000000000001 0.0789 0.241440827644949 -0.009955954030442766 0.059633245050107926 0.011247971920367306 0.1647341553611203 0.2452123788005558 0.1984747724570044 0.021676163577803335 -0.0022403247 0.0346734592 0.18065002475308978 0.13858856524177843 
1987.0 247.08 8.505 17.5 0.5088120154938803 0.057699999999999994 0.1011 0.11289999999999999 0.092 0.253481081773269 0.013341878458973137 0.057611197451973184 0.044241991416243076 0.1504068249609527 -0.027165684524365852 -0.002675910863092601 0.10332701475536846 -0.0027006902 0.034290794 0.05147130098204067 0.016394640541959937 
1988.0 277.72 9.73 23.75 0.4652835739680988 0.08070000000000001 0.09570000000000001 0.1065 0.0918 0.253922946773794 -0.021639155594369085 0.06648784866382723 0.04409883676535187 0.11464440117844345 0.09666585198730204 0.10704120942637152 0.029262023188830668 -0.0022913172 0.0346288503 0.16950820901504082 0.12060674426535112 
1989.0 353.4 11.05 22.87 0.39045474357111726 0.07629999999999999 0.0886 0.09820000000000001 0.0816 0.257872026979197 -0.01232016359361917 0.08084306286375506 0.046366161272986206 0.09778723843591433 0.18097499753132684 0.16231363408277 0.017238883502978912 -0.0029288342 0.0347825589 0.3139310630888139 0.2674501440192718 
1990.0 330.22 12.09 21.34 0.4844968598832044 0.0674 0.09050000000000001 0.1043 0.0844 0.275964393338456 -0.0017369336225420006 0.07469988578153705 0.06084989232662852 0.07834532638594123 0.0616924995474466 0.06782734895882703 0.025450189847726245 -0.0023382328 0.032935414 -0.03203135796586298 -0.0660374372108744 
1991.0 417.09 12.2 15.97 0.42034441734015393 0.0407 0.08310000000000001 0.0926 0.073 0.265667624719241 0.0316383707632633 0.053628595546187395 0.03059105145219565 0.15276695245518315 0.19264939981680795 0.19888966766277605 0.020679680574121957 -0.0012532164 0.0304819616 0.30678318527117576 0.2660058883716667 
1992.0 435.71 12.38 19.09 0.3941096141989526 0.0322 0.07980000000000001 0.08810000000000001 0.0726 0.260650658931859 0.03881645475181322 0.0342670911614871 0.028958759272792456 0.15019488176917423 0.08053579635266539 0.09393433736806611 0.009422462982549114 -0.0011115236 0.0323958936 0.07732001007156208 0.04601484363948294 
1993.0 466.45 12.58 21.89 0.3052672229090084 0.030600000000000002 0.0693 0.07690000000000001 0.0654 0.267783573486781 0.04585272222648178 0.029937607694168047 0.02743819990337637 0.14411507181345107 0.18234581828596985 0.13185003999476463 0.0074178836375815155 -0.001012497 0.0341831571 0.0988631994369622 0.06869401967785294 
1994.0 459.27 13.18 30.6 0.2915683000067602 0.055999999999999994 0.08460000000000001 0.091 0.0799 0.280599024068141 0.016656839736869596 0.04238924816864174 0.026709257861456726 0.12039028474042476 -0.07777077626706563 -0.05761069633355065 0.009652284738739147 -0.00057600688 0.036080241 0.013489876880709462 -0.014677714217870674 
1995.0 615.93 13.79 33.96 0.2550263829395351 0.051399999999999994 0.0682 0.07490000000000001 0.0603 0.261895501286573 0.015583023769422718 0.054774631647473426 0.025341321753979962 0.12124071965706333 0.316564928681778 0.27204235465253324 0.006427150662306545 -0.00014660419 0.0370685343 0.37644392865296017 0.3424245014722078 
1996.0 740.74 14.9 38.73 0.20734272969549994 0.049100000000000005 0.07200000000000001 0.0789 0.0673 0.255238764409713 0.02323434807659238 0.04995418424829329 0.033162420225504974 0.19866586409042045 -0.009184553768426973 0.01401567027616335 0.014077611161956294 -0.00039675518 0.0393883126 0.23228710221596915 0.20548067113825663 
1997.0 970.43 15.49 39.72 0.1788008842040588 0.0516 0.0676 0.0732 0.0602 0.237953474565316 0.015286930360963782 0.05050188811338921 0.016999183044703603 0.14270011669741475 0.1586593708529942 0.12949421608576284 0.033200070975822865 -0.00088877898 0.0412894775 0.33603882734665125 0.3127342596561171 
1998.0 1229.23 16.2 37.71 0.17361131536550134 0.043899999999999995 0.0622 0.0723 0.0542 0.218931612994811 0.01981348197562819 0.04767137362361538 0.016104073792363005 0.1206586034043898 0.13070403687400423 0.10755563999396078 0.04125812055970539 -0.0010338728 0.0428014127 0.2932023215579094 0.2739323117725909 
1999.0 1469.25 16.69 48.17 0.147167259434962 0.052000000000000005 0.0755 0.0819 0.0682 0.202985407444132 0.016637768801801598 0.04629361826563652 0.02678922611319834 0.13845605003309652 -0.08989884110225632 -0.07454259463466262 0.03267785947515295 6.4278e-05 0.0428954588 0.21349606289096368 0.19774404536291246 
2000.0 1320.28 16.27 50.0 0.15185150364920535 0.057699999999999994 0.0721 0.0802 0.0558 0.223780685719201 -0.00535181654568772 0.058025900595355194 0.033777383196232025 0.14098956139901705 0.21493437243882152 0.12854536528312743 0.049216564264003115 -0.00052485301 0.042964631 -0.08338223802170064 -0.09393242927961687 
2001.0 1148.08 15.74 24.69 0.1312178459137877 0.0169 0.0677 0.0805 0.0575 0.242224975273752 0.01563933690189241 0.03383076539423729 0.01543731852592245 0.08654311571104183 0.03702752242056517 0.10636657181632181 0.04560569640193336 -0.0013361672 0.0365034007 -0.11889743854822776 -0.13067943821558103 
2002.0 879.82 16.077 27.59 0.29538589561836665 0.011899999999999999 0.0621 0.0745 0.0484 0.247071298996092 0.031038491863563097 0.01603081202265416 0.023714888432575076 0.08202765798461266 0.1784139276059078 0.16641517524398552 0.06769232049029479 -0.0041443054 0.0328219422 -0.2177835444253926 -0.23061325993767523 
2003.0 1111.92 17.385 48.74 0.21876951868975533 0.009 0.0562 0.066 0.051500000000000004 0.222012987840246 0.007395003007381876 0.010104030145327958 0.018755168335192973 0.07242308912147162 0.008959395590122377 0.0527255505840436 0.029260778883730108 1e+50 0.0333758952 0.28715109442517295 0.264139312499702 
2004.0 1211.92 19.44 58.55 0.2605951399470092 0.0219 0.0547 0.061500000000000006 0.0484 0.218650684618904 0.013046305100789118 0.013802407469599265 0.03255561584373301 0.07829746191762334 0.08497318439332946 0.08721154343451798 0.012291435614999992 1e+50 0.0344671074 0.10983583189028678 0.08740650969176555 
2005.0 1248.29 22.22 69.93 0.3283414975507348 0.038900000000000004 0.0537 0.0632 0.0461 0.22432077842582 0.003735874434048687 0.03192339478953321 0.03415659485023648 0.05107120812176443 0.07807559250348373 0.058722730610048846 0.010540586393667211 1e+50 0.0350107696 0.051973413005292235 0.03272205382007476 
